795
795
795
795
795
795
795
771
764
749
403
818
749
749
757
770
750
745
745
745
902
698
698
698
769
698
698
698
698
728
731
1429
2232
1485
810
1537
723
908
722
722
722
743
756
722
718
718
718
718
718
718
718
718
718
718
718
718
718
763
707
699
708
708
757
680
675
675
675
675
675
675
675
675
677
689
689
689
689
748
845
681
681
681
681
681
681
681
681
681
681
681
688
700
685
674
675
675
675
675
675
675
853
667
666
666
666
666
666
666
666
666
720
785
652
652
652
651
651
651
1049
701
655
685
666
652
713
656
664
642
642
642
642
642
642
642
642
642
642
642
753
642
628
629
672
642
630
649
648
614
619
621
621
776
2008
2132
857
894
619
619
618
798
837
606
606
606
606
606
606
606
606
606
606
606
606
639
602
597
598
598
599
599
844
769
591
591
591
591
600
1180
533
533
533
537
538
540
534
533
533
571
838
1271
575
585
564
564
565
565
565
565
565
565
565
565
565
574
840
560
560
560
560
560
560
560
560
560
560
1146
520
520
520
520
524
542
542
542
543
543
543
1248
554
539
539
539
539
539
539
539
539
586
524
530
530
531
531
531
531
531
979
1486
568
519
519
518
518
518
518
518
524
651
514
514
514
514
514
514
514
514
514
514
514
514
647
2012
1802
526
510
509
510
509
510
531
508
500
499
499
498
498
498
498
906
477
475
475
475
475
475
478
1666
2138
2151
517
465
465
465
465
465
465
465
465
465
465
465
465
465
465
465
465
465
465
465
465
471
478
454
458
458
458
458
458
458
458
458
458
458
458
458
458
504
452
452
452
452
452
452
452
452
452
452
470
1669
490
444
444
444
444
444
444
444
444
444
444
444
709
1742
487
441
441
441
441
441
456
445
431
431
431
431
431
431
431
431
472
856
423
423
423
423
423
423
477
456
396
403
404
404
404
405
405
405
405
405
405
405
405
405
405
405
405
405
405
405
775
1116
402
402
402
402
402
459
704
615
394
395
394
440
380
383
383
383
383
383
383
383
383
383
383
383
383
383
383
383
390
423
441
379
417
380
378
378
378
667
362
362
362
362
362
362
362
362
362
362
362
415
1319
359
359
359
359
359
359
359
359
359
359
359
359
359
359
359
359
359
359
359
365
362
360
360
359
378
346
346
346
346
346
346
346
346
346
346
346
346
346
346
351
408
409
409
409
409
409
409
409
409
409
409
410
409
409
355
382
332
332
332
333
333
1107
674
331
377
363
323
323
323
323
323
323
323
323
323
323
794
675
593
769
325
288
648
839
285
285
285
289
304
304
304
304
304
304
304
304
304
304
304
304
304
304
304
304
348
334
357
358
358
355
355
358
363
365
365
337
321
349
351
348
345
339
331
331
328
291
291
291
291
1215
449
289
289
289
289
289
289
289
289
289
463
270
270
269
269
269
269
269
269
269
269
269
269
269
269
269
284
281
269
257
257
257
257
257
257
257
257
257
257
257
257
257
257
257
257
257
257
257
257
257
392
250
250
250
250
250
250
250
250
250
250
250
278
294
241
241
241
241
241
611
241
240
240
240
240
240
240
240
240
240
240
240
240
240
240
240
240
240
240
240
240
240
240
240
240
600
733
379
1943
502
839
492
229
222
222
222
222
222
222
222
222
222
222
222
222
222
841
965
218
218
218
218
218
218
218
218
218
218
218
218
218
218
218
218
218
218
218
218
218
218
218
218
218
218
218
242
225
205
206
206
206
206
206
206
243
941
204
204
204
204
204
204
204
204
204
204
204
204
204
204
204
213
534
199
199
213
258
190
190
191
191
191
191
191
191
191
191
191
191
191
191
191
191
191
191
191
191
191
191
191
191
191
191
191
191
191
197
224
174
175
175
175
176
176
176
176
176
176
176
176
176
176
176
176
176
176
176
177
177
177
457
540
213
209
167
166
166
166
166
166
661
161
159
159
159
159
159
159
159
159
159
159
159
159
159
179
154
153
153
153
153
153
153
153
153
153
153
153
153
153
153
153
153
153
153
153
153
153
153
153
153
153
153
153
153
153
153
153
153
153
153
153
153
153
153
153
153
153
153
153
153
180
300
147
147
147
147
159
478
144
143
143
143
143
143
143
143
184
158
160
136
136
151
163
1208
276
133
133
133
133
133
133
133
133
133
133
133
133
133
133
133
133
133
133
133
133
133
133
133
133
133
166
138
126
126
215
189
125
359
150
258
121
121
121
121
121
121
121
121
121
121
121
121
121
121
121
121
121
121
121
121
121
121
193
164
124
145
112
112
112
112
267
1284
365
109
109
109
165
413
105
105
105
105
105
105
105
105
105
105
105
309
97
97
97
97
97
97
97
376
107
275
93
93
93
93
93
93
93
94
94
94
94
182
125
87
85
86
86
86
85
85
85
85
85
85
85
85
85
147
89
162
79
79
79
79
79
79
79
79
79
99
177
70
70
70
70
70
70
70
70
70
70
70
70
70
70
70
70
70
70
70
70
70
70
70
70
70
70
70
70
70
70
70
70
70
70
146
228
70
70
70
70
70
70
70
70
70
70
70
70
70
70
77
157
66
66
66
66
66
66
68
68
67
69
144
154
58
58
58
58
59
130
311
57
57
57
57
57
57
57
118
185
82
136
53
53
53
53
53
53
53
53
53
53
53
53
53
53
53
53
53
53
53
104
433
46
46
46
46
46
46
46
46
46
58
83
176
41
41
41
41
47
658
74
40
40
40
40
40
40
40
39
39
39
39
39
39
39
39
39
39
39
39
39
39
39
39
39
44
75
105
35
49
61
58
77
149
28
28
28
28
38
29
45
71
68
49
90
24
24
24
45
25
80
100
146
19
19
19
19
20
25
68
140
98
13
13
13
13
49
20
17
34
20
28
46
64
44
18
15
28
19
16
18
20
13
96
115
65
8
8
9
15
10
38
13
116
22
54
3
3
3
3
23
10
9
13
28
3
3
3
13
52
66
66
66
66
66
66
66
66
66
66
66
