1147
1147
1147
1147
1147
1147
1147
1147
1147
1147
1147
1147
1147
1147
1147
1147
1147
1147
1147
1147
1147
1147
1147
1147
1147
1147
1147
1147
1147
1147
1147
1147
1147
1147
1147
1147
1147
1147
1147
1147
1147
1147
1147
1147
1146
1146
1146
1146
1146
1146
1146
1146
1146
1146
1146
1146
1146
1146
1146
1146
1146
1146
1129
1086
1074
1074
1074
1074
1074
1097
1091
1074
1074
1074
1074
1074
1074
1074
1080
1048
1056
1057
1057
1065
1062
1054
1058
1057
1057
1057
1057
1057
1057
1057
1057
1057
1057
1057
1057
1057
1057
1057
1057
1057
1057
1057
1057
1057
1057
1057
1057
1057
1057
1057
1057
1087
1049
1057
1045
1045
1045
1045
1045
1045
1045
1045
1045
1045
1045
1045
1045
1045
1045
1045
1045
1045
1045
1045
1056
1048
1161
1078
1044
1116
1033
1038
1039
1039
1039
1046
1050
1026
1037
1026
1026
1026
1026
1026
1026
1026
1026
1026
1026
1026
1026
1026
1026
1051
1036
1030
1029
1028
1028
1025
1032
1026
1056
1054
1006
1037
1028
1016
1002
1034
985
1003
1017
1015
1014
1014
1014
1014
1014
1014
1014
1014
1014
1014
1014
1014
1014
1055
1021
1048
1017
1004
1017
992
991
1006
1008
1011
1015
997
997
997
997
997
997
997
997
997
997
997
997
997
997
1011
995
1031
1009
1050
1001
1022
1004
983
983
982
982
982
982
982
994
986
988
983
984
983
983
983
1046
974
974
996
972
971
971
971
971
971
971
971
971
971
971
971
971
971
971
971
971
971
971
971
995
976
979
1002
954
955
955
955
956
956
956
956
956
995
959
964
981
953
954
954
954
954
954
954
954
954
954
970
956
968
954
954
954
983
1009
982
944
940
940
940
940
940
940
971
939
940
940
940
940
940
966
940
940
940
950
968
916
934
935
935
935
935
935
935
935
935
935
935
935
936
936
936
936
936
936
936
936
936
949
971
980
988
971
1001
913
933
919
920
920
920
920
920
920
920
920
920
920
920
920
920
920
920
920
920
920
920
920
928
923
920
920
928
916
928
927
922
942
984
911
972
972
920
891
900
901
901
901
901
901
901
901
901
901
901
901
901
901
910
912
903
926
909
901
947
926
932
902
941
1018
958
886
886
886
886
886
886
886
886
886
886
886
886
886
886
886
886
886
886
886
886
891
898
892
995
877
882
882
882
882
882
882
882
882
882
882
882
891
897
882
897
889
928
871
876
876
876
876
877
857
858
858
858
858
858
858
858
858
858
858
858
858
858
858
858
858
858
858
872
946
856
845
845
845
845
845
845
845
845
845
845
845
845
845
845
850
849
845
845
845
845
845
857
866
860
901
839
894
835
880
869
826
828
828
828
828
828
828
828
828
828
828
828
828
828
828
925
923
898
845
828
828
828
828
828
828
836
828
828
828
828
828
828
828
828
833
835
829
832
832
868
850
811
811
811
811
811
811
811
811
811
811
811
811
811
811
811
811
811
811
811
818
815
812
878
800
801
800
800
800
800
800
800
800
800
800
800
800
800
800
800
800
800
800
800
800
800
800
800
800
800
806
809
808
809
822
784
777
783
796
799
798
798
798
798
798
798
798
798
798
854
793
771
781
781
781
781
781
781
781
781
781
781
781
781
781
781
781
781
781
781
781
781
781
781
781
781
781
780
780
807
836
836
843
843
843
844
844
844
844
844
844
844
844
844
844
844
844
844
844
844
844
844
844
844
844
844
844
839
771
771
771
771
771
771
771
771
771
771
771
771
771
771
788
778
773
773
778
761
754
754
754
754
754
754
754
754
754
754
754
754
754
754
754
754
754
754
754
754
754
754
754
754
754
754
754
754
776
787
788
798
806
801
809
810
805
802
811
812
812
810
803
809
815
820
820
811
812
816
817
817
817
811
812
816
815
813
820
812
808
822
831
830
827
824
819
820
829
772
770
767
760
756
758
760
745
734
733
733
733
733
733
733
738
793
797
797
797
783
733
733
733
733
733
733
733
733
733
