354
354
354
354
354
364
375
356
358
354
364
364
373
375
375
375
375
375
375
375
361
-284
353
542
346
346
346
346
346
346
346
346
346
346
350
345
343
343
343
343
343
522
333
333
333
333
340
624
333
333
333
333
333
333
333
333
333
333
333
339
1567
647
1442
527
332
411
311
311
311
313
332
332
333
333
318
1772
2245
975
309
447
292
292
292
292
301
292
292
310
430
485
723
287
287
287
289
291
291
292
288
288
288
288
288
288
288
291
421
287
279
279
280
739
332
266
280
280
281
280
814
860
558
276
269
268
268
268
268
268
268
268
268
251
423
243
243
244
311
248
249
249
249
249
253
253
253
253
253
253
253
253
253
253
253
253
253
593
248
248
399
456
239
239
238
238
238
238
238
238
238
238
238
238
253
241
884
2089
709
229
224
224
347
236
243
252
220
219
219
220
289
212
212
212
212
212
212
212
212
212
211
212
212
212
241
1643
217
216
216
379
208
201
201
201
324
209
180
180
180
179
179
196
357
400
292
166
166
166
166
166
165
165
165
165
166
166
166
167
167
167
167
167
168
168
177
190
190
191
191
191
191
191
191
191
188
219
251
1713
1256
532
192
217
158
1158
552
158
209
152
152
254
382
372
143
143
143
252
138
138
139
140
140
140
141
145
142
159
173
137
397
120
120
120
120
120
120
120
120
120
120
132
629
113
113
113
113
113
113
112
112
112
112
112
113
115
125
610
106
106
106
106
106
106
106
106
106
114
119
107
181
791
1100
159
211
311
384
441
102
102
105
137
2250
1175
347
166
86
86
86
85
85
85
85
87
88
704
73
73
73
73
73
73
73
73
95
169
503
243
71
71
71
71
101
976
70
69
69
69
69
74
531
68
68
68
68
68
68
68
68
68
68
68
397
442
66
66
83
329
61
61
61
61
61
61
61
84
1896
253
189
146
41
42
42
42
42
82
2090
938
41
41
41
41
41
41
41
41
41
41
41
82
26
26
26
26
53
57
588
23
26
21
21
21
187
3
3
3
7
3
3
3
21
37
38
38
38
38
38
38
38
38
38
38
38
38
38
38
38
38
38
38
38
38
38
38
