409
409
409
409
409
515
395
395
395
395
395
395
466
387
387
416
417
398
387
435
418
774
1366
1334
840
354
1282
662
459
417
1226
429
377
366
375
375
375
374
374
374
374
374
374
374
374
374
374
374
377
353
352
352
352
352
352
352
352
352
469
1426
489
373
342
342
341
341
341
341
341
350
467
337
335
335
335
335
335
335
335
335
335
335
535
1394
500
308
307
343
403
351
537
324
324
324
324
324
324
1000
300
300
300
300
300
300
300
300
300
300
300
300
300
300
300
300
300
300
300
300
300
300
300
300
300
300
300
326
541
286
286
286
286
286
286
286
286
286
458
277
277
277
277
277
277
277
277
277
277
277
277
368
1646
456
423
263
263
263
263
263
263
263
263
263
263
263
263
263
263
309
256
256
256
256
256
256
508
245
245
245
245
245
245
245
245
245
581
1292
430
230
229
229
229
229
229
229
229
229
229
229
229
229
246
428
204
245
286
203
203
215
215
215
215
215
215
215
215
215
215
215
829
607
204
204
204
204
204
204
204
204
204
204
204
204
204
204
204
212
394
192
192
192
192
192
192
192
192
192
192
192
192
192
192
206
757
172
172
172
172
172
172
172
172
172
172
172
172
172
172
172
172
172
172
172
172
172
172
172
172
172
172
185
309
160
160
160
160
160
160
160
160
160
160
160
160
160
160
160
160
160
160
160
160
160
160
160
160
160
160
160
160
160
160
160
161
493
146
146
146
147
147
147
147
147
147
147
147
147
188
511
353
129
129
129
129
129
129
129
129
129
129
129
129
129
139
217
115
115
115
115
115
115
115
115
115
115
115
115
115
115
115
115
115
274
96
96
96
96
96
96
96
96
96
96
96
96
96
96
96
96
96
96
96
96
96
413
558
84
84
83
83
83
83
83
83
83
83
83
83
83
83
83
83
83
83
83
83
83
83
83
83
148
289
65
65
65
65
65
65
65
65
65
65
65
65
65
65
65
65
65
65
65
65
65
65
65
65
65
65
65
65
65
65
78
512
137
43
43
43
43
43
43
43
43
43
43
43
43
43
43
43
43
43
43
43
43
43
43
63
489
28
28
28
28
28
28
28
28
28
28
28
28
28
28
57
71
128
24
24
24
24
24
24
24
24
24
24
24
59
40
48
23
22
22
22
22
22
22
22
22
22
22
22
22
22
305
4
4
4
4
4
4
4
4
4
4
4
4
4
4
4
4
4
4
4
4
4
4
4
4
4
4
4
4
4
4
4
