475
475
475
475
475
475
475
475
475
475
464
438
417
389
421
404
406
408
407
377
385
386
387
388
387
387
387
387
362
368
368
479
923
1167
1478
1743
1311
407
374
363
345
338
338
338
338
338
338
338
338
338
338
338
334
316
316
334
292
293
293
303
328
270
271
272
287
256
253
255
256
256
256
256
278
300
273
712
1594
1505
314
251
239
247
225
219
219
219
219
219
219
234
230
258
201
202
202
202
219
188
188
219
1247
1282
278
191
172
172
213
163
161
161
189
175
151
174
178
172
135
138
1027
1488
1472
291
178
187
122
123
141
175
113
113
113
113
134
115
115
115
133
181
103
103
118
199
92
91
102
260
874
112
83
146
94
79
79
138
137
148
73
73
87
428
988
126
64
67
65
115
155
85
53
54
65
122
52
48
95
39
39
86
23
23
23
23
38
40
26
34
25
25
25
25
41
29
99
23
16
28
33
106
20
13
20
26
54
10
26
12
56
12
10
14
11
80
16
18
53
71
7
7
7
7
7
7
45
55
58
58
58
58
58
58
58
58
