479
479
479
479
479
479
479
479
533
543
542
542
542
542
542
542
542
542
542
542
541
541
541
541
541
479
543
468
474
474
474
653
461
463
463
463
463
463
645
446
448
448
449
448
449
498
540
439
443
444
430
435
436
436
436
436
505
429
431
431
431
487
401
418
419
419
419
419
425
403
416
416
434
394
402
402
402
434
395
396
396
397
397
397
405
418
388
388
388
388
415
367
376
376
420
331
360
360
360
360
359
377
352
352
352
352
352
356
341
347
393
337
342
347
350
332
333
334
334
338
307
324
324
324
325
327
281
313
313
313
313
313
309
312
335
297
298
298
299
299
300
282
302
283
287
288
288
288
288
333
278
278
278
278
278
284
252
264
264
264
264
264
264
264
264
263
254
253
253
253
253
253
282
231
242
242
242
242
242
242
251
242
263
233
234
234
267
239
218
218
218
218
218
218
233
199
201
201
201
201
237
191
190
190
190
190
190
190
190
190
190
190
190
190
190
190
190
228
179
179
179
180
162
164
164
164
164
164
164
175
139
143
157
158
158
158
158
177
145
145
145
145
145
147
146
162
127
127
128
128
128
128
128
128
128
128
128
128
206
141
157
116
116
116
116
119
153
100
100
100
100
101
115
110
91
91
91
91
91
91
91
91
91
161
88
79
79
79
87
81
63
63
63
63
63
63
63
63
63
63
63
63
63
71
79
153
54
54
54
57
85
82
45
45
102
33
33
33
33
33
39
39
74
23
24
24
24
24
30
59
25
44
16
15
19
53
26
12
8
8
8
8
8
8
8
8
8
8
8
8
8
8
8
8
