0
0
0
0
0
0
0
0
0
0
0
21
55
112
123
140
144
145
147
147
148
155
149
149
149
149
149
149
149
157
186
164
188
194
145
145
156
160
150
151
135
135
136
136
134
136
126
129
129
129
129
129
137
107
128
131
120
118
119
119
119
122
121
125
111
107
107
108
115
111
94
99
104
105
107
95
95
96
83
93
93
93
93
93
93
120
84
84
86
95
101
74
70
71
71
71
71
71
76
94
59
58
59
60
60
63
64
86
55
55
55
55
55
55
55
54
60
41
41
41
41
41
41
41
41
41
41
41
41
41
42
61
30
36
41
32
32
32
32
32
32
43
29
25
25
26
29
43
19
18
24
18
18
18
18
18
21
21
25
-96
6
10
10
11
-55
-133
4
-139
-2
11
-6
6
1
20
29
29
29
29
29
29
29
30
30
