355
355
355
357
1176
537
1748
467
409
583
1221
501
865
826
359
349
341
341
341
341
341
341
341
341
342
353
538
334
323
323
323
323
323
323
323
323
313
315
316
316
317
317
317
317
317
317
317
301
311
308
309
309
309
309
309
309
407
435
291
291
291
291
291
291
291
291
291
293
277
283
283
283
283
283
283
283
279
272
273
273
273
274
274
274
274
274
492
250
250
250
250
250
249
249
249
271
236
239
239
239
239
239
239
239
239
239
239
237
230
230
231
231
231
231
231
231
231
250
220
222
222
222
222
223
223
227
249
214
214
214
214
214
214
214
214
238
196
207
207
207
207
207
207
207
209
426
192
192
192
192
192
192
199
194
183
184
185
185
185
185
192
173
174
174
174
174
174
186
316
155
154
154
154
154
154
154
154
167
150
145
145
145
145
145
145
145
176
133
134
134
134
134
134
134
138
267
114
114
114
114
114
114
114
120
115
156
104
103
104
104
104
104
104
104
104
118
378
85
96
86
86
86
86
86
86
86
87
87
118
87
120
73
73
73
73
73
73
73
83
76
137
63
65
65
79
67
68
75
78
88
92
57
58
58
58
69
331
30
30
31
31
31
31
31
35
31
37
31
31
32
31
59
25
25
25
26
26
26
35
18
18
18
18
18
18
21
20
40
15
15
16
16
16
17
44
51
13
13
18
16
18
14
9
13
11
14
10
55
8
8
13
23
9
62
7
17
8
12
11
22
6
23
6
13
19
17
11
21
6
6
6
6
6
6
17
24
16
35
6
48
32
6
16
12
7
5
5
5
5
5
5
5
5
5
