651
651
651
651
651
651
651
651
651
651
651
651
651
651
651
680
649
650
662
698
634
634
634
634
634
634
686
620
620
620
621
621
621
621
621
634
772
757
697
813
586
587
587
587
587
587
587
587
588
588
588
588
588
588
588
588
588
589
589
589
589
589
589
589
589
589
651
597
586
586
619
572
569
574
574
575
575
575
575
575
575
575
575
575
575
577
544
564
559
551
550
550
550
550
550
550
550
550
550
550
550
550
550
550
550
550
550
550
550
548
557
522
530
530
531
531
531
531
531
531
531
531
531
531
531
531
526
521
534
489
504
504
504
504
504
504
504
504
504
504
504
504
504
504
504
504
504
504
504
504
504
504
504
504
506
503
514
494
468
512
489
491
491
491
492
492
492
492
492
492
526
500
485
485
485
485
485
483
474
475
475
475
475
475
475
474
488
446
455
455
455
455
455
455
455
455
459
455
449
447
447
447
447
447
447
441
439
440
440
440
440
440
440
440
440
440
428
428
428
428
428
428
428
429
429
429
429
429
429
429
429
429
429
429
429
429
429
429
410
421
421
421
421
434
426
435
400
395
395
395
395
395
395
395
395
395
395
395
395
395
395
395
395
396
398
424
397
389
394
391
409
420
383
385
410
391
383
383
383
383
383
383
