89
89
106
114
115
116
116
118
147
179
217
241
272
276
283
300
294
303
307
307
307
370
380
378
373
394
392
391
391
391
391
391
391
391
391
391
386
334
264
380
402
389
389
389
389
390
390
391
386
386
386
391
398
375
375
375
375
383
377
377
377
371
364
375
372
368
364
364
364
364
365
365
361
365
363
363
369
357
355
355
356
356
356
372
356
364
352
352
352
353
352
361
444
421
346
346
346
362
336
346
340
340
340
340
340
340
351
345
463
425
360
443
380
342
353
329
329
330
330
332
324
334
326
325
324
324
324
324
324
324
324
324
328
317
313
320
310
310
310
310
311
314
312
316
668
309
317
313
352
366
623
370
507
311
310
300
300
300
301
308
301
309
302
302
290
289
309
297
306
313
292
290
290
290
290
290
290
291
314
291
299
278
291
280
280
280
289
285
282
282
281
281
281
288
289
316
341
286
273
282
273
273
273
273
273
274
274
274
274
274
274
274
274
274
274
274
276
280
268
300
284
277
271
272
256
267
270
269
269
269
306
403
274
279
272
290
284
272
507
325
278
264
263
260
260
260
265
264
268
264
394
266
264
247
249
256
249
247
247
247
247
247
247
247
247
247
247
247
247
247
247
247
247
247
247
247
247
247
247
247
247
247
247
247
247
247
247
247
281
347
269
249
391
247
251
257
249
252
266
247
247
248
247
254
252
254
244
243
243
244
254
246
246
242
242
247
244
247
241
241
241
242
258
600
248
269
261
237
247
243
237
237
225
224
226
235
238
232
238
233
232
233
233
233
233
233
233
233
233
239
260
232
225
226
226
226
226
226
226
226
226
226
226
226
228
227
231
228
227
227
232
233
330
242
230
229
222
225
220
220
220
220
220
220
220
220
220
220
223
220
221
223
217
212
222
218
216
212
212
212
212
212
212
213
220
217
243
209
215
216
202
202
202
204
204
204
204
203
203
203
203
203
203
203
203
212
206
213
213
205
204
204
213
218
212
209
222
200
200
200
203
223
200
234
201
210
205
195
195
196
196
197
197
197
197
208
192
192
193
193
193
211
207
206
194
204
232
397
192
193
209
190
190
190
190
190
190
190
190
190
190
190
276
198
190
211
194
186
184
184
184
184
184
184
184
184
184
186
185
188
185
217
188
182
181
181
181
181
275
273
183
312
189
182
183
189
179
181
178
178
224
175
175
175
175
175
175
175
175
175
175
175
175
175
175
175
175
175
175
175
175
175
175
175
175
175
175
175
175
175
187
180
174
182
171
171
171
171
171
171
171
171
172
172
167
166
166
166
166
166
166
170
173
168
167
167
167
167
167
167
167
167
167
167
167
167
167
167
167
167
167
167
167
167
167
167
167
167
167
167
167
167
548
277
199
175
177
165
160
161
161
161
161
161
161
161
161
161
161
161
161
161
161
161
161
161
168
161
166
172
166
158
158
158
158
158
158
162
158
157
157
157
157
157
157
157
157
157
157
157
161
160
160
159
159
158
158
158
158
158
158
158
158
158
158
158
158
158
157
157
157
157
157
157
157
157
157
157
162
156
156
156
163
154
155
155
155
156
155
154
153
153
153
153
153
153
153
153
153
153
153
153
153
153
153
153
153
153
153
153
153
161
149
146
146
147
147
149
149
149
146
146
146
146
146
146
152
147
206
282
150
147
147
147
150
142
142
142
142
142
142
142
141
141
141
141
141
141
246
154
142
143
141
141
141
142
142
141
152
139
139
139
139
139
