283
283
283
283
283
185
212
250
289
244
244
244
244
244
244
252
255
241
241
241
241
337
550
233
233
233
233
233
233
233
233
233
233
233
233
234
234
234
234
234
341
337
227
227
227
227
227
227
227
227
223
230
224
222
222
222
222
222
222
222
222
222
228
221
223
220
219
219
219
219
219
219
219
219
219
219
219
574
210
210
210
210
210
210
210
211
211
211
212
212
212
216
215
215
215
215
215
212
214
205
205
369
258
220
198
198
198
198
198
198
198
198
198
198
198
198
198
198
198
198
198
198
198
198
198
198
198
198
198
198
207
601
203
188
188
188
187
187
187
187
187
187
187
187
187
187
187
197
180
180
181
181
181
181
187
185
189
173
173
173
173
173
173
173
173
173
173
173
173
173
173
173
173
173
173
527
166
166
167
168
179
164
169
158
158
158
158
158
158
158
158
158
158
171
158
337
238
151
151
151
151
151
151
151
151
151
151
151
151
151
151
151
151
151
168
145
145
145
145
145
145
145
145
145
145
145
145
145
145
145
145
145
153
145
146
134
134
134
134
134
134
134
134
134
134
134
134
134
136
137
300
143
123
123
123
123
123
123
123
123
123
123
122
122
122
122
122
122
122
122
122
133
151
116
119
114
114
114
114
114
114
114
119
115
115
122
107
107
131
133
133
134
134
134
134
134
134
134
134
134
134
134
134
134
134
134
134
134
134
134
134
108
135
97
97
97
97
97
97
97
97
97
97
97
97
97
97
97
97
115
104
98
99
145
91
90
89
89
89
89
89
89
89
89
89
117
934
744
88
122
84
84
98
154
168
97
84
84
84
84
84
86
85
98
79
75
75
75
75
75
75
75
75
75
75
75
75
75
75
75
75
75
75
75
75
89
490
67
67
67
67
67
67
67
67
67
67
67
97
63
63
63
63
63
63
63
63
63
63
63
67
190
359
56
56
56
56
56
58
60
63
50
50
50
50
50
50
50
50
50
50
50
50
68
54
44
44
44
44
44
44
44
44
269
307
82
38
38
38
38
38
38
38
38
39
49
37
41
45
32
32
32
33
664
105
35
26
26
26
26
26
26
26
26
26
26
26
26
26
26
26
26
26
26
26
26
26
26
26
26
26
26
26
26
26
26
26
26
368
116
27
73
21
21
21
22
22
21
21
21
21
21
39
18
22
22
16
16
16
17
17
373
65
16
16
16
25
49
16
87
11
11
11
11
11
11
11
11
11
11
11
11
11
11
11
11
11
11
11
11
11
11
11
11
95
143
60
35
47
7
7
7
8
7
13
7
8
8
22
332
25
214
119
6
6
6
6
6
6
6
6
6
6
6
6
6
6
6
6
6
6
6
6
6
6
6
6
176
110
0
0
0
0
49
22
80
37
227
-1
1
1
30
50
5
16
205
-1
-1
5
-1
133
-1
-1
18
24
65
66
78
74
31
41
29
28
31
27
26
32
27
27
26
26
26
26
26
26
26
26
26
26
26
26
26
26
26
26
26
26
26
26
26
26
26
26
26
26
26
26
26
26
26
26
26
26
26
26
26
26
26
26
26
26
26
26
26
26
26
26
26
26
26
26
26
26
26
26
26
26
26
26
26
26
26
26
26
26
26
26
26
26
26
26
26
26
