585
585
585
607
587
585
585
585
585
585
585
606
558
597
578
578
578
578
578
620
620
644
610
578
894
561
566
566
566
566
571
574
575
554
586
609
545
546
546
546
546
546
546
557
557
550
547
707
595
541
792
521
526
526
526
526
526
525
525
525
525
525
525
588
743
630
515
515
515
515
515
515
515
515
502
516
552
521
569
502
502
505
517
498
681
487
487
487
487
487
487
487
487
487
487
489
491
499
483
618
504
475
478
478
520
462
466
465
597
488
508
462
462
462
485
688
725
449
449
449
449
449
449
449
449
449
449
486
439
438
438
452
437
425
428
429
429
429
528
452
439
446
475
409
409
409
414
412
406
662
393
393
393
393
393
393
393
393
393
397
386
387
649
384
384
384
384
384
384
406
431
369
437
576
369
369
376
371
376
694
355
355
355
355
355
355
477
353
362
347
386
410
459
338
338
338
338
339
357
320
328
360
330
330
330
330
343
308
321
342
348
310
311
311
311
311
311
311
314
374
306
298
299
299
299
299
299
299
299
299
299
299
299
299
299
299
305
311
534
294
295
321
292
284
284
288
301
317
271
279
484
318
273
273
282
296
269
279
275
298
286
268
268
297
551
257
257
257
257
257
257
257
257
304
234
247
248
248
248
255
334
231
239
239
239
239
240
240
273
237
382
243
225
227
227
234
254
260
211
215
216
216
216
216
216
216
216
271
226
220
296
284
200
209
209
449
285
201
200
200
253
187
253
214
185
185
186
253
165
176
176
176
176
176
176
176
176
178
224
168
171
171
171
175
230
160
165
320
153
159
159
159
159
159
159
159
159
159
159
340
156
151
151
151
151
151
151
151
151
151
202
137
139
147
143
161
199
139
141
207
130
130
130
130
130
130
130
135
185
150
126
126
253
121
118
134
153
150
118
113
153
111
112
112
112
112
112
112
132
514
96
96
96
96
96
96
96
96
96
96
96
96
96
96
96
96
96
99
110
154
86
87
98
89
117
156
99
84
84
84
86
139
77
77
77
77
77
77
77
77
77
77
77
77
77
82
80
147
72
72
72
83
167
193
61
61
61
61
61
61
61
61
70
77
63
71
65
64
63
61
62
62
99
59
59
59
59
59
59
59
59
59
59
62
111
64
55
61
57
77
85
54
91
51
80
47
48
92
97
97
97
97
97
97
97
97
97
97
97
97
97
97
97
97
97
97
