347
347
349
492
634
1376
361
349
349
349
353
356
342
342
343
343
359
362
363
323
335
335
335
335
335
335
335
335
369
388
348
339
335
386
350
332
332
332
332
332
332
332
331
331
331
331
331
448
329
365
357
322
318
324
319
318
318
317
317
329
319
318
318
317
317
317
324
322
322
344
741
1110
749
348
379
319
319
319
319
319
319
319
319
319
319
319
319
318
318
318
360
308
310
310
310
310
310
310
319
308
309
309
309
309
309
320
377
302
302
323
298
304
302
309
299
299
299
299
299
299
299
855
888
734
617
358
331
309
292
292
292
292
292
292
292
292
292
292
292
292
292
292
292
293
303
292
281
281
281
281
281
281
281
281
407
769
334
283
277
277
278
278
278
278
278
278
278
278
278
278
278
278
278
278
278
278
278
302
268
280
270
270
270
269
269
269
269
269
269
269
269
269
269
269
269
269
269
269
269
269
269
269
269
269
269
731
615
809
279
272
782
279
287
306
268
275
314
263
264
264
264
265
265
265
265
265
265
267
291
255
256
256
256
256
256
256
256
256
256
256
256
256
256
256
256
265
284
284
250
250
250
250
250
250
250
250
250
293
266
243
320
306
306
306
306
300
240
239
239
239
239
239
239
239
239
239
239
239
324
240
266
241
850
396
240
288
230
231
231
231
231
231
231
235
243
251
235
236
255
222
279
286
287
287
287
287
287
287
287
287
287
287
287
287
287
287
287
287
287
287
287
287
287
287
287
287
287
287
287
287
287
287
287
287
287
287
287
287
287
287
287
287
287
287
287
221
221
221
221
221
221
221
221
221
221
221
221
221
221
221
221
221
373
233
230
267
231
231
223
243
250
250
249
253
257
261
262
262
262
268
272
271
262
262
263
264
263
263
263
263
263
267
268
268
224
213
213
213
213
258
278
215
208
261
267
266
259
260
258
258
258
258
258
258
258
258
258
258
258
258
258
258
238
206
206
206
206
206
295
234
220
197
197
197
197
197
197
197
197
197
197
197
216
200
198
198
198
198
198
198
198
198
198
198
198
198
198
204
200
372
197
224
218
231
246
251
255
249
243
246
238
239
252
280
270
256
246
253
214
190
190
190
190
190
190
194
210
190
213
253
182
182
182
182
182
182
182
182
182
182
182
182
206
201
205
204
204
204
183
182
182
182
182
185
600
614
215
179
179
231
234
236
236
236
236
236
236
236
236
236
236
236
236
236
236
236
236
236
236
236
236
236
236
236
236
236
236
236
236
236
236
236
236
236
236
236
236
236
236
236
236
236
236
236
236
236
236
236
236
236
236
236
236
236
236
236
236
236
236
236
236
206
182
513
273
181
190
198
175
175
175
175
175
175
175
175
175
175
175
205
421
191
187
208
172
168
168
168
168
168
168
168
168
168
169
169
169
169
169
169
191
165
165
165
165
165
165
165
165
165
165
165
165
165
165
165
165
165
165
165
165
165
165
165
165
165
165
165
165
165
173
321
631
167
169
224
186
162
167
215
217
217
218
218
218
218
218
218
218
218
218
218
218
218
