701
701
701
701
701
701
701
701
701
701
701
731
709
694
694
694
694
694
694
694
694
694
714
692
669
669
669
669
703
659
659
659
658
658
659
647
647
647
648
633
633
633
668
661
661
661
661
640
1139
1206
820
1282
1243
1455
1204
670
665
987
954
725
632
646
651
629
629
654
663
654
655
654
653
652
652
651
650
652
651
633
647
621
621
1087
1148
796
614
643
664
613
613
613
613
613
613
613
613
613
613
613
613
613
613
613
613
613
613
613
613
613
613
613
613
613
613
613
613
613
613
613
613
613
936
835
622
670
613
613
617
602
602
602
602
602
602
602
602
602
602
602
602
602
602
602
602
602
602
1508
640
796
980
630
632
651
734
596
596
773
879
609
603
624
596
594
731
773
721
853
604
592
605
592
600
604
591
591
592
591
592
785
599
588
588
588
588
588
588
588
633
892
805
675
625
586
586
586
648
586
586
596
625
684
634
584
584
584
584
631
574
583
660
586
719
896
632
841
996
594
620
603
662
740
780
716
718
638
576
571
571
574
596
567
567
568
603
582
575
574
563
561
567
579
679
559
559
624
560
635
554
578
719
644
553
553
561
522
522
522
522
529
750
1171
694
1093
734
1031
990
545
1032
800
521
539
973
518
692
693
518
518
516
753
801
1036
691
510
655
542
709
505
505
512
515
570
546
499
507
564
497
499
541
517
600
678
932
612
702
510
517
629
650
553
613
496
495
501
508
520
475
475
475
475
481
451
451
451
451
451
451
451
451
451
451
451
451
451
451
451
451
