615
615
615
615
615
615
615
615
615
615
615
580
586
543
700
1049
612
727
544
545
482
183
489
544
549
582
556
559
545
544
544
544
544
544
544
544
-106
-300
543
568
564
551
541
541
541
541
542
930
588
603
971
527
666
606
539
540
865
835
652
878
731
529
691
519
710
521
524
587
536
537
752
515
515
528
524
532
531
537
535
526
529
529
597
517
511
521
544
526
526
644
925
518
531
570
1189
534
671
544
540
519
520
520
520
520
520
604
539
1069
680
1172
526
553
1539
508
510
673
826
709
571
617
561
510
509
509
509
509
509
509
509
509
509
509
509
509
509
509
509
509
707
601
539
508
498
498
499
500
512
544
507
485
491
491
491
515
872
525
538
476
478
480
480
480
484
1045
476
580
563
480
478
529
502
476
476
514
472
471
471
472
475
510
482
715
467
467
467
467
482
594
466
461
454
455
456
456
462
471
509
483
444
445
446
446
446
446
448
450
493
574
527
602
446
563
440
440
440
440
449
543
834
938
446
812
437
427
430
421
421
421
420
420
420
420
420
448
565
747
783
417
416
416
416
422
446
633
411
411
411
411
442
407
410
688
668
419
858
468
-19
323
-491
410
374
363
409
429
480
406
405
405
405
428
405
1379
963
596
418
497
398
398
398
398
418
625
393
394
394
394
394
394
411
1418
389
389
389
382
381
381
381
381
381
381
465
651
723
677
376
376
376
376
376
376
376
376
635
386
415
404
466
366
365
367
379
390
368
367
1222
408
415
407
430
428
413
355
357
366
354
355
355
355
451
347
347
346
346
346
346
346
364
495
1464
330
507
366
370
330
333
335
333
329
329
329
329
329
355
1639
366
515
328
325
340
318
318
318
405
1185
463
626
574
321
329
309
309
335
304
305
305
324
302
301
301
301
301
301
306
309
302
303
307
327
534
297
297
297
297
297
318
310
301
1149
1350
304
308
511
293
326
535
289
305
285
284
284
284
328
281
280
280
280
280
281
413
281
286
283
510
328
277
282
284
410
957
314
286
283
339
339
276
382
281
273
273
273
273
317
285
273
277
276
281
499
276
283
301
474
273
275
293
298
287
775
717
715
269
269
291
263
263
263
264
263
263
263
263
334
273
312
776
269
259
259
313
253
253
253
253
253
253
253
254
254
254
331
260
290
324
246
289
372
248
247
247
247
247
248
270
952
634
255
244
244
275
241
239
238
238
238
238
238
239
261
311
265
239
478
245
495
241
390
477
479
456
231
538
230
260
364
239
250
283
250
246
732
646
236
242
236
229
229
229
237
247
232
271
295
301
301
301
301
301
301
301
301
301
301
301
301
301
302
302
302
302
302
302
302
302
302
302
302
302
302
