0
0
0
0
0
0
0
0
1
1
1
1
1
1
1
1
10
31
71
124
135
138
139
139
139
160
164
197
229
245
267
317
330
336
363
384
400
405
406
409
410
410
410
410
410
410
410
410
410
410
410
410
410
413
415
404
404
404
404
404
404
404
404
404
404
404
404
396
393
395
395
395
395
395
395
395
395
395
395
395
395
395
395
395
395
395
407
415
393
417
383
384
384
384
384
385
389
381
382
382
382
382
382
382
382
382
382
382
382
382
382
382
382
382
382
382
384
404
381
381
381
381
381
381
381
381
381
381
381
381
385
378
375
376
376
376
376
376
383
379
374
383
374
374
375
375
375
375
372
384
389
388
396
372
369
369
369
369
369
369
369
369
369
371
372
365
369
362
362
363
363
376
353
353
354
356
361
354
354
354
354
354
364
351
343
348
349
352
346
352
345
345
345
346
346
371
367
366
364
356
337
343
348
336
337
337
337
337
337
338
359
342
348
338
337
337
338
338
338
338
338
336
330
336
329
329
329
329
329
329
329
329
329
351
314
334
316
345
318
340
313
319
333
314
316
317
317
317
317
317
324
326
319
327
335
319
321
320
330
316
321
322
343
305
312
315
312
312
307
307
307
307
307
310
338
344
344
340
339
320
329
300
303
297
298
298
298
298
298
298
298
298
298
320
290
291
302
290
300
301
322
321
289
289
289
289
289
289
289
294
319
325
325
325
325
325
325
325
325
325
325
325
325
292
316
280
287
276
276
276
276
276
276
281
290
277
288
278
278
277
280
277
276
276
276
276
276
276
276
276
276
276
271
275
269
270
270
270
270
270
270
270
270
270
270
298
298
259
269
259
260
260
260
260
260
260
260
260
261
261
261
311
251
250
250
250
250
250
250
250
250
250
250
250
250
250
250
250
250
250
250
258
249
238
238
239
239
239
239
239
239
239
239
239
239
239
239
243
247
282
228
263
238
227
228
244
247
233
235
252
242
233
229
228
227
227
227
227
227
227
227
227
227
227
227
227
227
227
233
267
217
272
201
220
222
248
254
242
216
232
227
214
215
215
215
219
215
215
215
215
214
214
214
214
214
214
214
214
214
214
214
214
214
214
248
237
191
201
201
201
201
201
202
202
202
202
202
202
202
202
201
201
202
202
202
202
202
202
201
201
240
179
187
187
187
187
187
187
187
187
187
187
187
187
187
187
187
187
187
187
187
187
187
187
187
187
187
186
186
186
186
186
186
186
186
186
186
186
219
222
203
222
236
178
214
190
179
186
177
177
177
178
178
178
178
178
178
178
178
178
178
177
177
177
210
179
198
164
165
165
165
165
179
176
170
165
173
165
165
203
198
202
202
195
165
165
165
165
165
165
165
