0
0
0
0
0
0
0
0
0
0
0
141
199
200
200
200
200
200
200
200
200
200
200
200
200
200
200
200
200
200
200
200
200
200
200
200
200
200
200
200
200
200
200
200
200
200
200
200
200
200
200
200
200
241
746
208
257
193
193
193
193
193
193
193
193
193
351
189
282
254
189
243
190
194
196
220
188
188
395
929
180
177
186
212
177
177
176
176
176
176
176
176
176
176
198
177
177
177
176
176
176
176
176
176
176
176
176
176
176
176
186
352
217
175
215
201
297
199
175
196
172
181
175
174
173
176
207
182
188
166
165
164
190
164
164
163
164
164
164
164
164
164
164
164
163
163
163
163
163
163
163
367
198
228
166
180
164
167
164
196
201
160
166
163
179
149
149
149
149
149
149
149
149
149
149
149
149
150
150
150
153
149
152
159
151
156
148
148
148
148
217
412
233
148
179
149
151
148
142
147
149
136
135
135
135
135
135
135
135
135
135
135
135
135
141
364
226
133
133
133
133
133
217
125
124
124
124
124
124
140
127
126
131
118
118
118
118
118
118
118
118
118
118
121
118
118
118
118
118
118
118
118
130
121
284
119
119
119
117
117
123
259
130
90
90
90
97
120
107
206
99
99
99
99
99
99
99
98
98
98
98
98
98
98
98
98
98
98
98
98
98
98
98
98
98
98
98
98
154
89
89
89
89
89
89
89
89
89
89
89
89
89
89
89
89
204
565
94
77
77
77
77
77
77
77
77
83
77
77
77
87
96
106
112
112
112
112
112
112
112
112
112
112
112
112
112
112
112
112
102
98
80
265
602
78
223
76
89
84
86
72
73
70
76
69
69
69
69
69
69
69
69
69
69
69
69
69
69
69
69
69
69
69
69
69
69
69
221
333
59
59
60
60
60
60
60
65
67
57
56
56
56
56
56
82
54
55
55
55
55
55
55
55
55
55
55
55
55
55
55
55
86
574
124
46
71
68
127
40
40
40
40
40
40
40
40
40
40
40
40
40
40
40
40
40
40
40
40
40
40
40
40
40
40
40
40
40
47
73
52
39
97
37
37
37
37
37
37
37
37
37
37
37
37
37
37
46
244
32
32
32
32
32
32
32
32
32
32
32
32
32
32
32
32
32
283
92
59
27
46
44
26
26
26
26
26
26
26
26
26
26
26
26
26
26
26
82
25
25
25
25
25
25
25
25
25
25
25
25
25
25
25
25
25
25
25
25
25
238
17
17
16
16
16
16
16
16
16
16
16
16
16
16
16
16
16
16
16
16
16
16
16
16
16
16
33
16
16
30
16
16
16
16
15
15
15
15
15
247
234
12
139
9
10
10
10
9
10
10
32
7
6
6
9
41
41
41
41
41
41
41
18
6
6
28
2
5
79
12
-1
-1
-1
-1
-1
-1
-1
-1
-1
-1
-1
23
-1
11
4
-2
-2
26
-2
-3
-3
-3
-3
-3
-3
-3
-3
-3
-3
