424
424
424
424
424
424
424
424
424
424
424
424
424
424
424
424
424
424
424
424
424
424
424
424
424
424
424
424
424
424
423
423
423
463
486
486
486
486
468
423
437
417
413
416
416
416
416
416
416
450
424
410
411
411
411
411
411
411
411
411
411
418
404
406
406
406
406
419
884
985
407
368
923
1576
1802
804
370
585
1608
1744
833
393
360
378
391
390
390
390
390
390
390
390
390
390
390
390
390
390
390
390
390
390
390
390
390
390
390
389
389
389
399
386
384
383
383
383
383
383
383
383
383
383
383
383
383
383
383
569
903
436
465
455
426
693
847
1491
2277
1741
1680
623
397
401
1121
1481
380
407
424
414
1589
1589
2157
2442
2788
526
480
408
665
601
382
382
381
381
381
381
381
381
346
-639
27
341
-53
380
410
561
370
370
370
385
370
354
360
363
364
364
364
364
364
364
364
364
364
364
364
364
361
387
354
355
355
355
355
355
354
344
356
352
348
348
349
349
349
377
347
343
340
341
341
341
400
566
813
332
332
332
332
332
332
332
332
332
337
334
321
325
325
325
325
325
325
325
325
325
325
325
325
325
325
325
325
341
332
310
316
316
316
316
316
316
316
319
323
444
615
304
303
303
303
303
303
303
303
303
303
303
303
303
303
303
303
303
308
309
323
295
296
296
296
296
296
296
296
296
296
296
296
296
296
296
296
296
296
296
296
375
315
286
290
291
291
291
291
302
318
289
283
284
284
284
285
285
285
297
268
278
279
279
280
281
291
304
300
329
342
800
2215
889
487
277
412
274
274
279
289
265
267
268
268
268
269
269
269
269
269
272
291
334
251
263
263
263
263
263
280
272
253
277
251
252
253
253
254
254
254
321
251
251
251
251
251
251
251
251
251
251
251
251
538
753
1933
323
243
238
238
238
238
260
244
231
231
231
231
231
232
232
232
232
232
232
232
232
232
232
232
232
232
232
232
232
232
232
235
221
225
227
227
227
227
227
227
241
222
215
220
235
217
217
217
217
217
217
217
217
217
217
222
227
225
222
210
211
211
211
211
211
212
215
214
229
228
225
191
200
200
201
201
201
201
204
202
235
194
190
191
192
192
192
192
192
192
192
192
192
192
192
192
192
192
192
192
192
192
192
257
1436
1852
2064
200
188
184
183
183
196
193
183
193
175
175
175
175
175
175
175
175
175
175
175
175
175
175
175
175
189
199
167
168
168
168
168
168
168
168
168
174
181
202
204
155
160
160
160
160
209
179
180
171
159
154
154
154
154
154
169
163
146
148
148
148
148
149
149
154
149
179
300
1773
684
2051
1523
164
135
135
135
135
135
135
136
136
146
144
145
136
148
135
140
136
136
136
135
135
139
136
151
148
153
136
124
129
130
134
152
134
137
123
124
124
152
142
113
114
116
116
117
117
117
119
241
598
1121
1462
2000
1010
137
108
108
108
108
108
108
108
108
108
108
108
108
108
108
108
108
108
108
108
108
108
108
108
108
108
111
142
103
101
101
101
102
102
103
132
92
96
97
97
97
97
97
97
138
92
91
92
94
92
92
92
92
92
99
185
2023
1197
95
313
82
82
82
82
82
82
82
82
82
82
82
82
82
82
82
82
82
82
82
82
82
82
82
82
82
82
82
1518
2486
608
109
76
74
74
93
67
67
67
67
67
67
67
67
67
67
67
67
67
67
67
67
67
67
67
67
78
76
76
85
73
60
60
61
61
69
112
86
70
52
52
52
52
53
85
54
54
59
56
54
77
95
50
48
48
49
68
55
60
72
56
42
43
43
53
46
44
57
55
43
68
61
36
37
37
54
70
60
47
31
31
31
31
33
34
38
32
36
32
32
36
31
68
49
24
25
25
30
28
26
26
26
104
48
75
25
22
25
23
62
35
26
25
23
19
22
26
316
1
1
1
1
1
1
1
1
1
1
1
1
1
1
1
1
1
1
1
1
1
1
1
1
1
1
1
1
1
1
1
1
1
1
1
1
1
1
1
1
1
1
1
1
1
1
1
1
1
1
1
1
1
1
1
1
1
1
1
1
1
1
1
1
1
1
1
1
1
1
1
1
1
1
