174
561
562
562
562
622
496
848
552
668
537
537
537
537
537
537
537
537
537
537
537
537
537
537
537
537
537
537
537
537
537
537
537
537
537
537
537
537
612
703
884
536
503
504
505
505
505
505
505
505
505
505
505
505
505
505
505
505
505
505
505
505
505
505
505
505
505
505
505
505
505
506
535
729
699
470
470
470
470
470
470
470
470
471
471
471
471
471
471
471
471
471
471
471
471
471
471
471
471
471
471
471
471
471
471
471
471
471
471
471
471
471
471
471
471
471
471
471
471
471
471
471
471
743
503
513
444
444
444
444
445
445
445
446
446
446
446
446
446
446
446
447
447
447
447
447
447
447
447
447
447
447
447
447
447
447
447
447
447
447
447
447
447
447
596
509
566
777
661
792
429
430
430
430
430
430
434
433
433
433
433
433
433
433
579
764
407
417
438
442
627
675
535
400
400
400
400
400
400
400
400
400
400
400
400
400
400
400
400
407
403
403
415
444
381
477
554
418
582
554
470
477
449
491
385
385
385
385
385
385
385
385
385
385
385
385
385
385
385
385
385
385
385
385
385
385
385
385
385
385
540
376
377
377
377
377
377
402
401
362
367
367
367
368
368
368
368
368
368
368
368
368
368
368
371
369
368
380
449
348
385
651
348
348
349
349
349
350
350
350
350
350
350
350
350
350
350
350
350
352
353
371
386
396
371
326
326
326
326
326
326
326
326
326
326
326
326
326
326
326
326
326
403
409
344
300
301
302
302
303
303
303
303
303
303
303
303
303
303
303
303
303
303
303
303
303
303
303
392
343
286
287
287
287
287
287
287
287
287
287
287
287
288
288
288
288
288
288
295
288
308
396
470
326
427
419
335
293
250
260
260
260
260
263
263
263
263
263
263
263
263
263
263
263
263
263
264
264
264
264
264
264
264
264
264
264
264
264
264
418
331
307
306
427
236
237
238
239
244
244
244
243
243
243
243
241
241
240
240
241
241
241
241
242
241
242
242
242
242
242
242
242
242
242
242
242
242
242
258
232
241
224
225
226
226
227
227
227
227
253
271
239
209
209
209
209
209
209
209
209
209
209
209
209
209
209
209
209
209
209
209
209
209
210
210
210
210
210
210
210
210
210
210
212
244
226
204
294
202
198
200
200
200
200
201
201
201
201
202
175
179
183
185
188
189
189
190
190
191
175
199
180
174
288
173
173
173
173
173
173
173
173
173
173
173
173
173
173
173
173
173
173
173
173
173
173
173
173
173
173
195
154
179
177
183
166
179
167
276
168
168
168
168
169
169
169
171
178
310
230
268
153
157
157
157
157
166
156
206
185
157
189
149
198
144
145
146
146
146
146
155
164
133
135
135
136
136
136
136
136
136
136
136
142
131
133
128
129
129
129
129
129
129
135
130
123
123
123
123
123
123
123
123
123
126
134
135
154
124
119
118
118
118
118
118
118
118
118
118
118
118
142
108
123
109
110
112
112
112
119
137
127
109
110
104
104
104
105
105
112
133
97
95
96
96
96
96
96
96
96
96
96
96
96
96
96
100
95
85
85
86
86
86
86
86
86
86
86
86
89
96
136
120
90
95
89
96
95
87
84
78
79
79
79
79
79
79
102
81
74
81
83
74
113
92
68
68
68
68
68
68
68
68
68
68
68
120
122
270
156
181
133
222
598
44
43
43
43
43
43
42
42
43
43
43
43
43
43
44
44
44
45
45
61
38
36
33
34
34
34
34
34
40
37
37
31
30
30
30
30
34
27
23
21
20
20
20
20
20
28
26
26
24
29
43
28
31
22
19
17
17
17
16
16
16
16
16
16
16
16
16
16
16
15
15
15
15
15
